SAVED 76 156
0 1687 0
-400 1635 0
-202 1635 -346
-783 1491 0
-391 1491 -676
-1116 1261 0
-559 1261 -967
-1386 958 0
-694 958 -1201
-1575 595 0
-789 595 -1365
-1674 202 0
-837 202 -1450
-1674 -202 0
-837 -202 -1450
-1575 -595 0
-789 -595 -1365
-1386 -958 0
-694 -958 -1201
-1116 -1261 0
-559 -1261 -967
-783 -1491 0
-391 -1491 -676
-400 -1635 0
-202 -1635 -346
0 -1687 0
198 1635 -346
400 1635 0
202 1635 346
-198 1635 346
391 1491 -676
784 1491 0
391 1491 681
-391 1491 681
-784 1491 0
555 1261 -967
1116 1261 0
559 1261 967
-555 1261 967
690 958 -1201
1386 958 0
694 958 1201
-690 958 1201
784 595 -1365
1575 595 0
789 595 1363
-784 595 1365
837 202 -1450
1674 202 0
837 202 1450
-837 202 1450
837 -202 -1450
1674 -202 0
837 -202 1450
-837 -202 1450
784 -595 -1365
1575 -595 0
789 -595 1363
-784 -595 1365
690 -958 -1201
1386 -958 0
694 -958 1201
-690 -958 1201
555 -1261 -967
1116 -1261 0
559 -1261 967
-555 -1261 967
391 -1491 -676
784 -1491 0
391 -1491 681
-391 -1491 681
-784 -1491 0
198 -1635 -346
400 -1635 0
202 -1635 346
-198 -1635 346
0x3AFA 3 0 1 2
0x3AFA 3 2 1 0
0x3AFA 4 1 3 4 2
0x3AFA 4 2 4 3 1
0x27FA 4 3 5 6 4
0x22FA 4 4 6 5 3
0x27FA 4 5 7 8 6
0x22FA 4 6 8 7 5
0x27FA 4 7 9 10 8
0x22FA 4 8 10 9 7
0x27FA 4 9 11 12 10
0x22FA 4 10 12 11 9
0x3AFA 4 11 13 14 12
0x3AFA 4 12 14 13 11
0x27FA 4 13 15 16 14
0x22FA 4 14 16 15 13
0x27FA 4 15 17 18 16
0x22FA 4 16 18 17 15
0x27FA 4 17 19 20 18
0x22FA 4 18 20 19 17
0x27FA 4 19 21 22 20
0x23FA 4 20 22 21 19
0x27FA 4 21 23 24 22
0x26FA 4 22 24 23 21
0x35FA 3 23 25 24
0x35FA 3 24 25 23
0x3AFA 3 0 2 26
0x3AFA 3 26 2 0
0x3AFA 3 0 26 27
0x3AFA 3 27 26 0
0x3AFA 3 0 27 28
0x3AFA 3 28 27 0
0x3AFA 3 0 28 29
0x3AFA 3 29 28 0
0x3AFA 3 0 29 1
0x3AFA 3 1 29 0
0x3AFA 4 2 4 30 26
0x3AFA 4 26 30 4 2
0x3AFA 4 26 30 31 27
0x3AFA 4 27 31 30 26
0x3AFA 4 27 31 32 28
0x3AFA 4 28 32 31 27
0x3AFA 4 28 32 33 29
0x3AFA 4 29 33 32 28
0x3AFA 4 29 33 34 1
0x3AFA 4 1 34 33 29
0x27FA 4 4 6 35 30
0x22FA 4 30 35 6 4
0x27FA 4 30 35 36 31
0x22FA 4 31 36 35 30
0x27FA 4 31 36 37 32
0x22FA 4 32 37 36 31
0x27FA 4 32 37 38 33
0x22FA 4 33 38 37 32
0x27FA 4 33 38 5 34
0x22FA 4 34 5 38 33
0x27FA 4 6 8 39 35
0x22FA 4 35 39 8 6
0x27FA 4 35 39 40 36
0x22FA 4 36 40 39 35
0x27FA 4 36 40 41 37
0x22FA 4 37 41 40 36
0x27FA 4 37 41 42 38
0x22FA 4 38 42 41 37
0x27FA 4 38 42 7 5
0x22FA 4 5 7 42 38
0x27FA 4 8 10 43 39
0x22FA 4 39 43 10 8
0x27FA 4 39 43 44 40
0x22FA 4 40 44 43 39
0x27FA 4 40 44 45 41
0x22FA 4 41 45 44 40
0x27FA 4 41 45 46 42
0x22FA 4 42 46 45 41
0x27FA 4 42 46 9 7
0x22FA 4 7 9 46 42
0x27FA 4 10 12 47 43
0x22FA 4 43 47 12 10
0x27FA 4 43 47 48 44
0x22FA 4 44 48 47 43
0x27FA 4 44 48 49 45
0x22FA 4 45 49 48 44
0x27FA 4 45 49 50 46
0x22FA 4 46 50 49 45
0x27FA 4 46 50 11 9
0x22FA 4 9 11 50 46
0x3AFA 4 12 14 51 47
0x3AFA 4 47 51 14 12
0x3AFA 4 47 51 52 48
0x3AFA 4 48 52 51 47
0x3AFA 4 48 52 53 49
0x3AFA 4 49 53 52 48
0x3AFA 4 49 53 54 50
0x3AFA 4 50 54 53 49
0x3AFA 4 50 54 13 11
0x3AFA 4 11 13 54 50
0x27FA 4 14 16 55 51
0x22FA 4 51 55 16 14
0x27FA 4 51 55 56 52
0x22FA 4 52 56 55 51
0x27FA 4 52 56 57 53
0x22FA 4 53 57 56 52
0x27FA 4 53 57 58 54
0x22FA 4 54 58 57 53
0x27FA 4 54 58 15 13
0x22FA 4 13 15 58 54
0x27FA 4 16 18 59 55
0x22FA 4 55 59 18 16
0x27FA 4 55 59 60 56
0x22FA 4 56 60 59 55
0x27FA 4 56 60 61 57
0x22FA 4 57 61 60 56
0x27FA 4 57 61 62 58
0x22FA 4 58 62 61 57
0x27FA 4 58 62 17 15
0x22FA 4 15 17 62 58
0x27FA 4 18 20 63 59
0x22FA 4 59 63 20 18
0x27FA 4 59 63 64 60
0x22FA 4 60 64 63 59
0x27FA 4 60 64 65 61
0x22FA 4 61 65 64 60
0x27FA 4 61 65 66 62
0x22FA 4 62 66 65 61
0x27FA 4 62 66 19 17
0x22FA 4 17 19 66 62
0x27FA 4 20 22 67 63
0x23FA 4 63 67 22 20
0x27FA 4 63 67 68 64
0x23FA 4 64 68 67 63
0x27FA 4 64 68 69 65
0x23FA 4 65 69 68 64
0x27FA 4 65 69 70 66
0x23FA 4 66 70 69 65
0x27FA 4 66 70 71 19
0x23FA 4 19 71 70 66
0x27FA 4 22 24 72 67
0x26FA 4 67 72 24 22
0x27FA 4 67 72 73 68
0x26FA 4 68 73 72 67
0x27FA 4 68 73 74 69
0x26FA 4 69 74 73 68
0x27FA 4 69 74 75 70
0x26FA 4 70 75 74 69
0x27FA 4 70 75 23 71
0x26FA 4 71 23 75 70
0x35FA 3 24 25 72
0x35FA 3 72 25 24
0x35FA 3 72 25 73
0x35FA 3 73 25 72
0x35FA 3 73 25 74
0x35FA 3 74 25 73
0x35FA 3 74 25 75
0x35FA 3 75 25 74
0x35FA 3 75 25 23
0x35FA 3 23 25 75
